K = [[ 0,  2,  1, 14,  2,  3, 20, 22, 22, 14],
       [ 2,  0,  3,  4, 22,  2,  5, 19,  4,  3],
       [ 1,  3,  0, 14, 22, 22, 21, 13,  2, 13],
       [14,  4, 14,  0, 11, 13, 10, 10, 24, 11],
       [ 2, 22, 22, 11,  0, 16,  3, 13,  4,  8],
       [ 3,  2, 22, 13, 16,  0, 13, 23, 22, 17],
       [20,  5, 21, 10,  3, 13,  0, 20, 10,  9],
       [22, 19, 13, 10, 13, 23, 20,  0,  4, 18],
       [22,  4,  2, 24,  4, 22, 10,  4,  0, 10],
       [14,  3, 13, 11,  8, 17,  9, 18, 10,  0]]


matrika = [[0, 3, 9, 2, 11],
           [3, 0, 10, 9, 2],
           [9, 10, 0, 3, 4],
           [2, 9, 3, 0, 11],
           [11, 2, 4, 11, 0]]

M = [[ 0,  9,  8, 2,  2,  9, 8, 9, 7, 8],
    [ 9,  0,  7,  9, 8,  4,  7, 9,  8,  2],
    [8, 7, 0, 9, 8, 9, 3, 2, 7, 9],
     [2,9,9,0,9,8,7,9,8,1],
     [2,8,8,9,0,9,3,8,7,9],
     [9,4,9,8,9,0,9,8,1,7],
     [8,7,3,7,3,9,0,9,8,9],
     [9,9,2,9,8,8,9,0,3,8],
     [7,8,7,8,7,1,8,3,0,9],
     [8,2,9,1,9,7,9,8,9,0]]

#TSP_1 = uv.TSP(20, 50, min_pot = 1)

TSP_1 = [[ 0, 11, 33, 25, 43, 32, 47, 31, 40, 13, 32, 43, 46, 33, 31, 18,
        44, 35, 37, 18],
       [11,  0, 19, 37, 47, 46, 24, 18, 21, 48, 29, 24, 31, 33, 11,  8,
         7, 36, 43,  4],
       [33, 19,  0, 25, 26, 16, 14, 46, 23, 23, 15,  4,  4,  9, 25, 20,
        17, 15, 46,  9],
       [25, 37, 25,  0, 48, 41,  4, 21, 43, 20, 34, 44, 49, 23,  5, 25,
        23, 35,  5,  9],
       [43, 47, 26, 48,  0,  8, 35,  9, 18,  5,  6,  7, 34, 26, 42, 30,
         6, 21, 40, 31],
       [32, 46, 16, 41,  8,  0, 48, 40, 38,  4,  4, 43, 35, 13, 22, 41,
        38, 36, 18, 15],
       [47, 24, 14,  4, 35, 48,  0, 15, 44, 22, 18, 47, 19,  6, 19, 41,
        17, 48,  5, 45],
       [31, 18, 46, 21,  9, 40, 15,  0, 42, 24, 11, 11, 38, 38,  9, 32,
         5, 35, 25, 14],
       [40, 21, 23, 43, 18, 38, 44, 42,  0,  6,  6, 22, 26, 41, 48, 34,
        23, 40, 14, 41],
       [13, 48, 23, 20,  5,  4, 22, 24,  6,  0, 17, 20, 26, 43,  3,  9,
        31, 48, 24, 47],
       [32, 29, 15, 34,  6,  4, 18, 11,  6, 17,  0, 47, 27,  8, 45, 14,
        21,  1, 48, 39],
       [43, 24,  4, 44,  7, 43, 47, 11, 22, 20, 47,  0, 40, 12, 44, 47,
        28,  2, 28, 38],
       [46, 31,  4, 49, 34, 35, 19, 38, 26, 26, 27, 40,  0, 48, 37,  3,
        25, 32,  3, 11],
       [33, 33,  9, 23, 26, 13,  6, 38, 41, 43,  8, 12, 48,  0, 27, 23,
        37, 44,  6, 46],
       [31, 11, 25,  5, 42, 22, 19,  9, 48,  3, 45, 44, 37, 27,  0,  4,
        23, 28, 41, 34],
       [18,  8, 20, 25, 30, 41, 41, 32, 34,  9, 14, 47,  3, 23,  4,  0,
        22,  7, 47, 39],
       [44,  7, 17, 23,  6, 38, 17,  5, 23, 31, 21, 28, 25, 37, 23, 22,
         0, 30, 23, 47],
       [35, 36, 15, 35, 21, 36, 48, 35, 40, 48,  1,  2, 32, 44, 28,  7,
        30,  0, 39, 28],
       [37, 43, 46,  5, 40, 18,  5, 25, 14, 24, 48, 28,  3,  6, 41, 47,
        23, 39,  0, 22],
       [18,  4,  9,  9, 31, 15, 45, 14, 41, 47, 39, 38, 11, 46, 34, 39,
        47, 28, 22,  0]]
